image: fetch_map.pgm
resolution: 0.050000
origin: [-8.486314, -8.408067, 0.000000]
occupied_thresh: 0.65
free_thresh: 0.196
negate: 0

